54.343631
11.947153
62.538611
118.378447
36.906792
39.532231
98.666716
75.723136
81.265531
57.931901
59.018216
0.646282
0.773594
247.296539
39.794544
208.170182
101.115002
7.162018
21.453124
25.160801
86.416977
55.254521
21.543670
76.153724
32.268969
201.507388
98.015849
8.295940
143.026419
7.711302
29.147748
88.514941
19.082527
91.642937
7.553112
232.133552
45.384935
35.842048
32.426342
2.757263
28.100142
57.668973
121.340446
175.406163
8.060382
8.942642
8.800123
33.796506
49.100703
88.738124
210.250021
28.968499
22.730864
106.344468
3.614740
0.609964
29.244560
111.880656
65.571672
191.544285
63.094294
143.940713
40.759272
27.093878
168.835565
3.976481
45.059299
212.324875
20.523017
154.780003
69.124208
64.495455
186.008416
34.695245
192.546020
53.121317
131.636917
71.311921
44.549475
251.873900
142.296002
16.636244
9.406628
115.555655
24.956374
32.170948
154.682998
0.459423
84.539013
56.335244
39.187580
20.984500
50.399248
90.323378
44.721203
180.264264
10.702031
2.111761
89.414606
8.691097
43.878357
95.310321
305.874821
22.858316
29.843725
94.088936
258.960131
49.261655
113.964014
91.838884
7.871833
218.727928
233.310551
14.569201
68.486845
61.737859
133.095019
61.070633
33.427396
29.553209
35.888242
34.790532
134.414156
28.606550
56.434653
19.359223
13.886175
16.098423
9.898632
75.996960
21.893314
242.326986
67.521177
127.492478
55.603361
19.493228
194.861740
24.506470
7.371215
11.092644
15.510372
28.175215
74.628826
49.765748
123.193587
25.542496
42.341799
1.033683
143.633144
54.490413
25.488657
4.335111
29.594383
38.749275
34.076423
5.152635
120.430939
5.746670
0.510435
22.530820
133.072211
44.123319
16.590481
7.424838
35.204773
33.404935
11.191345
169.887518
10.924463
118.763611
19.627657
20.599620
1.320068
91.534670
0.316307
139.802844
34.976206
18.866971
26.107638
112.542626
29.592615
83.493475
8.667185
137.892390
102.671249
75.263170
126.885657
33.475594
26.589953
95.334643
7.931072
82.297551
6.418514
1.516227
26.619428
15.480521
15.528319
238.921721
97.395143
35.924574
36.472621
121.143340
135.634290
64.540335
35.812959
162.196800
142.832966
76.623018
115.502529
23.140584
81.743666
21.708693
202.669980
3.851835
5.228357
190.568342
114.485449
196.416745
3.855675
121.663727
42.818425
30.860536
40.925714
82.032411
116.479445
1.044842
25.650036
252.699731
20.783577
28.867817
6.663344
6.865515
235.878931
73.573354
123.028217
231.151548
85.889600
0.500681
135.932939
46.872145
10.963116
22.499482
4.300401
77.399760
22.684546
16.130838
20.559325
25.112893
73.635109
89.403197
60.136150
52.644405
155.927082
10.640626
65.490041
42.387738
320.912091
98.802849
38.491546
27.033283
1.250679
70.662641
7.302296
96.012522
16.456297
137.017552
38.169117
8.228105
28.866646
64.086340
33.897262
59.295283
175.117421
8.902775
114.755696
38.753194
56.853531
8.914691
34.202012
85.266183
16.410356
70.729505
62.820664
3.689040
4.826657
39.765284
30.413059
38.566251
49.174000
57.772378
49.521795
87.305981
188.595858
14.406647
125.288462
32.580373
320.105742
2.634944
4.432524
15.039072
19.867247
97.654605
111.723405
0.783788
92.934432
160.561473
0.536150
260.002140
154.025696
80.293517
21.002153
76.056278
24.243989
164.392287
5.733050
12.222695
37.666973
30.877978
33.113472
4.380062
351.458269
198.962719
80.349545
42.453807
25.717370
2.885827
36.814460
39.859902
36.329289
80.383015
234.538320
63.202054
23.142275
45.122501
106.248303
169.729663
130.353709
71.225126
108.070326
68.605102
156.179285
0.022068
72.016442
31.120253
158.034294
185.206155
139.595324
49.655309
3.334967
113.551275
0.165329
59.907170
80.993033
92.109293
26.746427
35.182170
200.933353
11.135533
1.697750
181.150933
107.025224
160.659370
33.258857
54.658221
61.720295
37.172624
0.390084
43.595047
139.284515
40.529190
176.033400
95.657072
120.798599
6.388657
7.383451
9.289420
67.853355
8.008298
161.240573
11.403975
21.225019
51.506198
52.499932
113.416593
29.504749
10.935221
35.540030
100.411441
102.018190
39.559802
180.287079
40.181882
37.200065
70.691273
4.476775
156.920732
49.691927
7.124185
211.159305
2.079574
69.131344
16.573657
116.629814
46.896108
10.687289
46.359768
6.885303
43.402880
46.150613
119.661143
51.394232
308.186347
50.854043
5.597117
84.233848
3.310857
188.640013
24.021736
18.320357
45.706411
145.645470
142.078327
72.370243
69.061659
18.642673
15.058376
24.125802
101.862900
82.793820
246.598618
76.642279
17.602435
65.912899
57.632396
1.645273
33.533769
8.721036
2.953813
90.180592
0.524041
210.882192
10.835385
175.253452
30.034350
106.662347
0.368314
89.842683
28.242185
125.996098
54.560376
36.665440
15.659379
111.415649
103.567831
110.690497
0.835510
0.016950
27.439449
112.206742
202.090417
88.046920
8.308044
44.732557
114.309503
5.604691
21.447485
2.075712
29.299887
32.905926
127.460424
0.191419
23.817355
0.567860
94.209735
279.974747
40.648150
258.060446
61.769352
49.941045
53.194712
59.688094
158.007703
109.061042
108.528202
206.442894
9.069054
148.807395
9.841606
182.447399
26.571889
3.131544
19.701944
136.438821
34.545452
2.640369
115.405080
13.776083
10.163934
75.122904
2.187284
92.760945
126.211980
96.666215
36.164110
2.510778
66.440089
16.126625
260.176221
176.536385
145.679224
51.379852
27.784462
162.766116
22.132587
8.825360
42.774776
202.099135
110.556039
137.493782
2.574897
35.950085
9.855290
58.658122
25.890395
249.074927
70.149603
3.792051
24.657570
1.298350
51.420256
83.900944
81.083849
28.776927
222.890901
130.090082
138.185048
137.469544
8.683090
1.129223
107.729713
67.648549
162.271527
129.878591
114.647136
189.270407
202.304128
39.494263
30.601306
34.547930
60.287354
93.033990
109.171032
3.890096
173.408538
28.795500
41.608310
86.921357
8.931227
3.657736
121.788816
6.073371
110.126633
120.414279
26.144262
114.758861
70.648402
127.996230
0.688674
209.580572
206.621841
68.506096
101.348609
130.692756
0.154470
2.632091
66.764047
47.311757
265.510728
99.691644
25.451385
3.935831
67.318325
164.108181
65.124720
47.381421
207.580682
36.137641
78.206232
45.866414
183.897304
19.742801
3.754391
44.244755
95.606464
11.114234
72.876647
120.569506
37.344384
135.719222
47.702308
282.051927
0.320985
151.210145
46.973812
10.571322
70.828857
250.833729
20.983186
37.328254
87.379463
12.131441
146.377812
17.914948
165.100489
162.567492
3.078146
9.996915
1.392551
57.656162
198.692310
72.587817
1.028128
198.211455
14.022209
90.832511
4.427434
69.063621
244.185284
7.251162
18.184658
31.992177
41.609252
169.606015
31.907975
209.950432
9.267083
76.619542
6.069555
165.271429
30.620593
52.244981
83.373848
5.201462
13.504997
80.811697
344.313147
30.775620
27.315214
54.346027
5.874568
28.879208
99.579905
85.427334
2.166976
82.996667
11.974327
61.550492
0.927672
152.028765
6.972171
110.041062
2.030077
71.218076
11.857223
186.535689
4.475280
64.669183
212.288843
207.859250
138.236656
176.999005
308.067976
99.001833
41.303507
227.192124
1.243023
165.467317
10.205556
8.979582
145.208812
191.532545
166.648124
27.056328
1.773342
52.769672
125.654392
129.586900
146.631110
30.823138
97.351647
39.652367
33.143744
37.901585
35.121480
18.290509
36.716830
13.146009
64.264091
96.113210
22.845464
59.661493
181.409689
9.012360
1.111517
124.951232
15.617818
26.454742
15.872979
39.778262
46.975513
89.095419
4.148988
44.751561
32.665305
2.708199
191.484223
68.586927
163.485725
26.308325
63.518647
63.438094
186.217421
8.233362
4.105010
40.205037
286.882646
4.829188
16.730065
21.897446
3.920862
155.570160
89.550088
156.273146
138.561956
78.534546
61.266393
91.536149
17.889647
155.104819
3.580136
21.062177
5.681895
5.624377
25.509357
42.347161
29.358194
107.366000
44.688135
171.875281
170.399019
11.989147
28.951561
4.688475
162.806102
260.483849
17.012496
44.010157
104.056424
12.038909
167.169243
8.298729
101.187826
49.200877
30.048378
140.152097
40.490006
213.232708
74.234683
56.103626
79.933972
4.823966
46.295649
78.974109
56.353183
43.134677
47.881120
34.760189
111.660988
118.502912
209.300727
90.009070
41.506001
146.210417
81.599499
51.722252
1.389804
95.180841
37.191302
296.793610
131.580487
6.273518
1.798007
49.169084
30.563651
41.388223
33.148228
28.217503
44.049977
5.824613
25.007205
76.632247
88.796353
201.219105
183.554629
145.012505
17.769103
96.632751
43.111893
147.309061
38.232773
159.552955
239.275285
34.470712
67.824647
23.727355
35.289115
3.927783
7.956300
95.887175
10.249723
111.978648
76.421207
198.655654
88.679811
95.876331
4.622755
126.052658
12.687455
0.348706
16.505885
127.467910
111.908170
48.448854
5.512400
86.850330
137.613063
28.782657
265.011930
8.206100
68.113383
142.264713
3.969076
154.402895
118.207093
74.019197
5.273548
161.612303
27.899220
94.845481
25.422736
105.331407
208.080093
10.488531
19.063259
68.872701
73.478052
40.382227
6.227754
142.080178
45.492828
8.684362
4.538299
36.379434
16.650764
28.890890
92.862317
17.818388
51.211084
51.527522
66.649874
156.739029
112.622320
140.929071
167.933424
30.635970
1.087586
1.509129
33.692806
0.138398
63.221210
37.972564
2.118658
20.609597
39.297720
322.313300
13.061321
21.960549
0.010329
136.794852
257.850646
99.350139
5.885486
59.019320
65.642530
255.648285
49.680879
39.512762
145.577783
17.380118
174.463761
92.147854
285.166728
14.629217
3.033809
1.659464
75.837373
78.626898
33.775536
108.794236
92.126647
3.009993
198.826985
29.079755
26.486183
43.321694
9.776485
6.491546
37.875121
55.532432
143.413554
26.959976
16.164354
61.394191
31.643961
100.475973
9.327135
134.718019
56.375174
1.177785
24.269546
72.792580
3.025262
29.919065
187.703537
1.983243
33.557687
18.559545
177.166389
41.028578
105.140847
66.976423
13.132843
54.087572
16.442956
56.717730
16.470976
15.725243
88.547020
33.982183
22.332513
161.014297
133.199815
88.757791
58.852408
80.382428
49.482271
131.667137
2.331310
139.695073
63.205192
77.935509
32.977744
42.666920
44.514295
268.424832
36.123932
67.643884
91.943103
171.183755
92.163872
29.039773
262.657855
43.782942
113.656845
220.811024
88.925359
149.343482
68.620718
92.091955
67.893317
7.012268
69.909689
5.924309
29.146490
137.584907
8.932159
32.021732
43.500371
118.210735
104.867937
244.947945
75.691676
44.565916
137.761628
21.766760
130.438034
99.475400
3.280428
9.267367
160.232896
314.121279
39.649091
70.847237
60.638919
0.510439
0.948879
175.873948
70.964675
96.501149
33.371678
41.406654
12.194881
286.739491
2.723969
139.556513
103.807471
51.725311
39.253004
48.511596
1.628487
123.948759
5.542312
144.592156
102.352091
101.326609
68.796432
1.329847
1.330164
123.875910
9.336657
17.702499
100.218054
188.642169
1.214312
4.505188
1.724986
104.193784
11.141935
231.847267
18.020455
65.603774
47.564850
37.963545
84.193324
4.011987
52.586795
13.730574
21.913590
184.469696
102.929539
3.682277
111.614657
13.041610
73.941825
294.273987
11.250756
68.662618
76.588663
80.789830
44.705039
80.426801
82.729993
22.734183
8.585281
7.223047
76.418680
26.256520
68.920596
100.630841
93.974163
0.234350
170.931265
0.655328
29.940861
153.709414
36.151333
3.342579
8.518908
72.413199
154.730602
121.501443
34.799608
31.127939
44.902820
74.095443
54.665069
74.368179
89.560909
136.174859
81.057474
9.314183
39.857614
8.584505
17.955852
18.261139
4.151891
187.282265
57.741466
3.843200
7.197941
7.830546
57.901468
9.127323
211.892020
19.668210
17.598782
9.343122
6.949809
55.279134
0.552965
20.862610
74.108933
147.447911
31.644626
274.424178
26.088038
2.808161
20.938625
130.594315
75.344176
46.315412
10.804374
49.610453
29.820526
98.892911
178.119164
24.843290
278.266927
126.859133
167.256102
10.496730
16.310597
100.424907
0.139356
26.223884
33.892904
7.827935
9.556517
32.234932
3.677341
189.578710
90.318073
235.494784
15.809834
4.753236
25.780424
86.493645
50.569424
14.526242
4.305907
211.344378
40.846254
17.820045
7.091820
22.969503
135.579312
102.926362
129.244210
26.246547
22.776382
12.305805
7.249674
25.757174
5.983460
93.991790
79.343653
0.027332
30.653086
62.593986
3.055254
2.959560
112.058468
24.153546
14.228164
149.567038
111.032272
79.618863
63.495155
22.516733
30.167092
264.079291
98.048680
111.057290
155.989668
18.116795
0.527791
102.424398
215.998319
91.906409
20.709172
147.471120
51.659388
64.002839
107.582155
79.261876
150.218611
105.123466
8.247136
153.809912
29.675887
22.634030
0.261442
87.659568
5.660589
16.367032
104.088913
65.484965
147.046950
25.581770
78.356427
141.620662
203.292193
46.862566
86.357187
109.317455
37.939776
28.982928
3.777392
8.722235
225.225156
139.759595
216.277483
164.123797
38.453535
71.378508
219.272719
145.614165
9.459641
118.522180
9.855740
65.457304
70.067303
14.880628
159.514942
298.171897
18.432265
16.667885
6.737759
63.277137
168.271735
140.169580
46.457239
8.341782
2.209584
4.380807
11.212383
7.825193
35.906606
14.528189
4.968037
53.979766
28.310544
210.758628
103.088492
121.317856
15.468396
11.154975
258.149309
135.852621
25.456841
38.123494
16.860215
89.348915
79.738927
136.136336
61.460915
26.503624
27.414682
29.833925
25.007885
83.428258
48.846047
6.131596
103.910725
8.530715
223.020452
16.948058
1.611489
3.840077
14.557605
204.842422
117.884711
1.052213
213.636535
0.509466
329.512897
1.404907
20.148986
146.270273
37.525754
65.537536
49.428213
151.249574
70.513802
144.635859
68.462077
36.762827
31.062843
37.212200
179.623489
38.948024
16.484630
62.263296
113.302185
84.676613
20.561212
12.323842
32.193483
12.941280
3.932917
38.943239
0.049957
119.830139
51.672274
172.201185
127.881615
36.584025
7.785043
81.341051
238.018825
15.664588
8.351591
129.152638
30.955674
1.494922
43.098735
12.279340
18.771322
59.660952
43.329205
18.386826
12.573322
66.219534
33.402870
108.104012
121.096834
46.095596
57.856372
79.785792
39.786644
15.651301
73.642535
29.036324
313.372543
34.593741
18.642197
26.608725
3.316208
57.370429
99.426977
103.546657
3.691894
1.192623
17.063052
54.366490
86.938985
69.956064
14.596772
1.703462
78.460215
49.583496
72.909818
128.386227
37.836541
136.979863
40.485305
123.975137
21.777532
5.977777
133.466233
53.152763
17.371603
38.671260
28.411928
136.062101
125.006367
167.147080
151.398995
50.933783
100.949627
25.615527
40.612435
69.363592
60.143938
90.262865
30.098673
15.179769
20.833016
94.294509
52.441086
27.794842
10.103907
6.415771
71.194059
129.068218
39.965622
6.512816
165.669204
1.818946
237.327501
72.799405
51.159712
194.633394
1.722243
1.458198
30.983528
98.383170
18.527230
83.838915
66.578060
121.444264
35.899459
40.213087
265.293989
26.431488
210.288118
171.829356
94.190132
51.042203
86.963004
16.599527
16.522789
183.112002
15.159256
25.270381
166.601880
60.930228
13.596507
44.342562
26.139837
64.195098
33.971405
141.649882
12.118924
185.608882
49.050244
144.947781
148.110038
88.724385
31.492892
88.013652
64.963708
242.511657
91.239036
110.457764
48.565256
21.263833
154.568498
9.307416
76.026685
80.584084
0.227342
31.343407
98.325203
4.054946
77.527077
22.597293
45.070751
6.402587
4.912013
135.776203
2.487601
212.771778
97.185255
85.724492
84.461671
39.332918
145.638731
153.883805
15.034926
174.987691
0.154885
5.810989
5.098510
15.224829
128.520855
45.092759
32.536280
42.450840
49.539441
67.779159
175.561051
200.780196
9.335555
40.527988
20.805538
54.723716
253.635458
84.462911
67.046418
20.314571
256.121037
42.466844
26.228341
13.993864
19.178255
12.181467
7.279845
150.354497
109.104140
45.855366
194.464885
6.910473
37.696022
215.314682
39.143272
2.381124
60.254837
50.778386
88.349913
2.592123
180.261441
33.364001
96.251396
80.357404
40.113756
30.198716
101.314731
72.982676
0.225375
133.541023
11.611523
12.704770
114.204146
17.740717
11.375774
81.674298
5.428738
130.632326
9.688362
94.514106
86.987150
149.550634
12.650783
102.286129
16.575009
50.039857
80.774728
171.410861
79.581003
45.841390
37.762327
93.443358
263.187966
1.315468
45.525860
9.642664
1.485402
19.899780
84.969441
182.011036
96.798685
139.626562
48.866387
59.768441
0.111522
8.781479
13.577278
68.217882
16.610604
141.192252
2.746618
31.734719
39.028797
96.220522
8.581125
88.148132
47.038393
34.117365
0.832006
42.445091
17.884515
11.698530
206.702470
1.557683
68.099593
279.723598
65.977052
55.182014
174.811387
113.103075
143.651425
20.474172
50.908569
52.720577
10.706378
64.946002
23.773878
55.070117
19.012435
36.211102
72.345969
62.572454
96.475487
47.231478
19.509025
94.711375
3.632579
45.314655
18.496178
122.733265
13.127644
55.672882
187.054518
273.520886
47.328506
57.657185
35.096344
6.214165
0.682487
55.967620
137.227403
1.007555
129.585827
16.874863
2.474609
33.570754
16.623705
7.965651
24.752442
3.675269
4.060187
110.790990
2.091664
101.117547
64.149416
59.460840
154.931495
37.523007
136.077256
107.750017
48.481575
26.220115
161.592650
121.377018
24.836143
19.845571
3.077665
125.170070
43.087313
83.533129
23.408709
17.859852
49.706945
7.083406
159.069405
24.032126
289.267089
162.049304
35.766157
98.075948
26.078422
13.520279
117.759956
105.198651
119.507220
97.316878
103.799448
15.753863
60.582021
52.794490
4.664823
43.382257
9.064374
51.281122
85.500133
24.775686
33.701259
17.583532
147.370138
30.349722
4.565138
12.974958
17.951219
219.269029
116.664639
89.564998
196.821659
1.165859
164.939379
3.567675
5.673878
112.407891
246.628265
81.006939
67.328325
79.999536
143.319168
193.483547
7.662128
94.788256
1.366970
42.087892
60.610761
30.349067
26.749570
107.522304
132.669731
40.379252
147.904418
6.033645
8.280043
65.013151
19.448644
92.690350
22.080949
126.086841
4.371219
115.741911
129.563007
57.495215
81.686408
131.885033
0.195956
4.137493
0.742839
68.398910
78.800169
46.329735
190.984233
9.076452
8.586677
24.993033
14.611338
6.407971
93.185766
58.692408
240.225002
250.637037
97.643567
172.661714
3.477391
2.051910
6.532410
79.641806
9.531199
49.367332
0.106860
3.673150
175.533037
26.972392
152.137391
70.638579
112.651296
97.527580
26.224567
6.286777
1.913653
2.601569
27.828044
81.033973
21.558350
26.526685
57.022679
0.154403
3.143256
25.559010
154.459284
19.248612
50.201561
62.225702
178.889479
13.687209
5.659600
117.064189
3.244393
252.953105
83.531282
40.725893
157.777147
173.259098
45.287312
105.981222
101.645928
145.157852
45.710342
94.644189
190.487531
241.778646
121.500879
66.214833
81.613008
1.559296
37.066627
4.988161
33.600836
288.132019
59.800989
1.559722
132.866778
1.010391
113.461976
109.268647
44.573847
6.667983
22.070320
7.990829
32.644313
91.717161
22.427661
223.437733
1.963908
2.961987
295.654853
128.230583
99.783035
45.869920
221.033904
120.829222
97.952770
202.389620
22.045084
10.676437
76.418851
9.248696
2.041457
86.769082
54.821688
258.890359
172.745720
21.268093
186.569608
227.001937
41.457785
1.198471
18.869539
122.675382
3.364977
39.721846
14.682191
10.147472
43.505694
42.713076
156.617027
0.544375
0.098356
180.113049
182.821852
0.349538
60.622767
64.887453
56.861057
0.244360
21.387536
76.183882
83.903803
128.494495
71.889531
8.569928
2.204222
128.839688
163.083824
146.572828
64.902526
34.274358
17.720314
11.319281
93.879224
2.590148
69.631206
6.220746
48.940131
59.566112
304.477801
87.308530
27.989570
149.765795
169.226465
14.370130
38.455100
28.684126
11.565556
52.914449
92.580362
18.747720
101.112294
48.101066
8.273558
15.694687
4.898734
73.049694
3.471516
50.441733
20.444004
221.509751
84.088178
2.847490
9.648755
28.708969
31.316612
11.220330
16.238432
161.799577
1.823281
70.718747
15.505006
92.660852
59.841805
57.828409
71.550818
79.441986
104.248535
7.595772
58.449045
147.267549
83.455040
131.139787
162.338664
10.310176
0.503875
205.531914
26.038563
7.765566
71.479928
42.662598
23.974143
104.239961
17.320015
197.137513
120.810226
20.570780
8.429760
51.727334
117.605934
7.238481
117.782462
12.958319
75.983454
55.994404
51.736418
192.546587
163.703120
3.665946
51.025005
65.279253
29.705069
61.413969
134.870060
201.380274
35.709583
126.120930
122.011445
125.848389
13.172758
12.933045
21.985159
133.674771
108.006195
4.067369
32.272651
294.070838
