0.100000 0.007812 0.024570 -0.008945
0.109091 -0.023125 -0.008065 -0.038185
0.118182 0.025313 0.039819 0.010806
0.127273 -0.017188 -0.001048 -0.033327
0.136364 -0.002188 0.016331 -0.020706
0.145455 -0.020313 -0.001911 -0.038714
0.154545 0.009062 0.026842 -0.008717
0.163636 0.032813 0.050879 0.014746
0.172727 0.005000 0.023500 -0.013500
0.181818 0.011875 0.034769 -0.011019
0.190909 0.001250 0.021262 -0.018762
0.200000 -0.005625 0.015134 -0.026384
0.209091 -0.006250 0.015578 -0.028078
0.218182 0.009375 0.032559 -0.013809
0.227273 0.021875 0.045780 -0.002030
0.236364 0.001563 0.026441 -0.023316
0.245455 0.038750 0.065823 0.011677
0.254545 -0.012188 0.012342 -0.036717
0.263636 -0.006562 0.020970 -0.034095
0.272727 -0.049063 -0.022286 -0.075839
0.281818 0.011250 0.042270 -0.019770
0.290909 0.011875 0.045762 -0.022012
0.300000 -0.022187 0.013350 -0.057725
0.309091 -0.009062 0.026123 -0.044248
0.318182 0.033750 0.073489 -0.005989
0.327273 0.034375 0.072876 -0.004126
0.336364 -0.043437 -0.003322 -0.083553
0.345455 -0.064375 -0.023202 -0.105548
0.354545 -0.037500 0.008167 -0.083167
0.363636 -0.047188 0.003212 -0.097587
0.372727 -0.093750 -0.037197 -0.150303
0.381818 0.050937 0.114107 -0.012232
0.390909 0.118750 0.181814 0.055686
0.400000 -0.001563 0.064942 -0.068067
0.409091 -0.366250 -0.302016 -0.430484
0.418182 -0.028125 0.042673 -0.098923
0.427273 -0.360000 -0.297049 -0.422951
0.436364 0.152500 0.229710 0.075290
0.445455 0.028125 0.109496 -0.053246
0.454545 0.812187 0.832985 0.791390
0.463636 -0.251250 -0.170734 -0.331766
0.472727 -0.313750 -0.229325 -0.398175
0.481818 -0.696250 -0.641736 -0.750764
0.490909 0.908125 0.916962 0.899288
0.500000 0.329688 0.413106 0.246269
0.509091 -0.107188 -0.017168 -0.197207
0.518182 0.930312 0.939585 0.921040
0.527273 0.941562 0.949083 0.934042
0.536364 0.937813 0.945563 0.930062
0.545455 0.954375 0.961073 0.947677
0.554545 0.951875 0.957622 0.946128
0.563636 0.963437 0.968012 0.958863
0.572727 0.962812 0.967732 0.957893
0.581818 0.965313 0.969570 0.961055
0.590909 0.969063 0.973072 0.965053
0.600000 0.971562 0.975386 0.967739
0.609091 0.976562 0.979652 0.973473
0.618182 0.976875 0.980188 0.973562
0.627273 0.981563 0.984194 0.978931
0.636364 0.982500 0.985140 0.979860
0.645455 0.985938 0.988385 0.983490
0.654545 0.984375 0.986946 0.981804
0.663636 0.987812 0.990029 0.985596
0.672727 0.986250 0.988655 0.983845
0.681818 0.991250 0.992975 0.989525
0.690909 0.991875 0.993573 0.990177
0.700000 0.988437 0.990504 0.986371
0.709091 0.992500 0.994391 0.990609
0.718182 0.991563 0.993331 0.989794
0.727273 0.988437 0.990598 0.986277
0.736364 0.993437 0.994930 0.991945
0.745455 0.993125 0.994762 0.991488
0.754545 0.994687 0.995948 0.993427
0.763636 0.995625 0.996883 0.994367
0.772727 0.994375 0.995806 0.992944
0.781818 0.996250 0.997603 0.994897
0.790909 0.995625 0.996883 0.994367
0.800000 0.995625 0.996959 0.994291
0.809091 0.995313 0.996672 0.993953
0.818182 0.997188 0.998086 0.996289
0.827273 0.997500 0.998352 0.996648
0.836364 0.998125 0.998993 0.997257
0.845455 0.998437 0.999122 0.997753
0.854545 0.995938 0.996994 0.994881
0.863636 0.996250 0.997363 0.995137
0.872727 0.997500 0.998461 0.996539
0.881818 0.999062 0.999598 0.998527
0.890909 0.999062 0.999598 0.998527
0.900000 0.997188 0.998086 0.996289
0.909091 0.998437 0.999122 0.997753
0.918182 0.998437 0.999253 0.997622
0.927273 0.998750 0.999365 0.998135
0.936364 0.998750 0.999365 0.998135
0.945455 0.999687 1.000000 0.999375
0.954545 0.998750 0.999509 0.997991
0.963636 0.997500 0.998352 0.996648
0.972727 0.999062 0.999598 0.998527
0.981818 0.999375 0.999815 0.998935
0.990909 0.999687 1.000000 0.999375
1.000000 0.999687 1.000000 0.999375
