0.100000 -0.225000 -0.206366 -0.243634
0.109091 -0.192500 -0.174542 -0.210458
0.118182 -0.241250 -0.220454 -0.262046
0.127273 -0.233125 -0.215630 -0.250620
0.136364 -0.298750 -0.280728 -0.316772
0.145455 -0.292500 -0.274254 -0.310746
0.154545 -0.318750 -0.299522 -0.337978
0.163636 -0.378125 -0.357002 -0.399248
0.172727 -0.334375 -0.315211 -0.353539
0.181818 -0.401250 -0.380281 -0.422219
0.190909 -0.396250 -0.380304 -0.412196
0.200000 -0.428125 -0.407978 -0.448272
0.209091 -0.468750 -0.450106 -0.487394
0.218182 -0.464375 -0.443765 -0.484985
0.227273 -0.520625 -0.499360 -0.541890
0.236364 -0.516875 -0.496427 -0.537323
0.245455 -0.527500 -0.504742 -0.550258
0.254545 -0.556250 -0.536476 -0.576024
0.263636 -0.590625 -0.570283 -0.610967
0.272727 -0.612500 -0.590524 -0.634476
0.281818 -0.629375 -0.607829 -0.650921
0.290909 -0.715625 -0.695873 -0.735377
0.300000 -0.672500 -0.648546 -0.696454
0.309091 -0.759375 -0.734895 -0.783855
0.318182 -0.820000 -0.795075 -0.844925
0.327273 -0.834375 -0.808288 -0.860462
0.336364 -0.870625 -0.845526 -0.895724
0.345455 -0.876875 -0.853482 -0.900268
0.354545 -0.924375 -0.897397 -0.951353
0.363636 -0.993750 -0.963035 -1.024465
0.372727 -1.080625 -1.045727 -1.115523
0.381818 -1.168750 -1.135011 -1.202489
0.390909 -1.188750 -1.156894 -1.220606
0.400000 -1.238125 -1.203609 -1.272641
0.409091 -1.333750 -1.300143 -1.367357
0.418182 -1.316250 -1.283855 -1.348645
0.427273 -1.356875 -1.328389 -1.385361
0.436364 -1.457500 -1.428826 -1.486174
0.445455 -1.486250 -1.458532 -1.513968
0.454545 -1.576250 -1.547857 -1.604643
0.463636 -1.586875 -1.558519 -1.615231
0.472727 -1.678125 -1.655928 -1.700322
0.481818 -1.651875 -1.625775 -1.677975
0.490909 -1.725000 -1.705477 -1.744523
0.500000 -1.709375 -1.684009 -1.734741
0.509091 -1.710625 -1.689072 -1.732178
0.518182 -1.780000 -1.761784 -1.798216
0.527273 -1.825000 -1.807389 -1.842611
0.536364 -1.812500 -1.794491 -1.830509
0.545455 -1.859375 -1.844082 -1.874668
0.554545 -1.845000 -1.828681 -1.861319
0.563636 -1.878750 -1.865137 -1.892363
0.572727 -1.875625 -1.862584 -1.888666
0.581818 -1.876875 -1.862429 -1.891321
0.590909 -1.893125 -1.880679 -1.905571
0.600000 -1.903750 -1.891492 -1.916008
0.609091 -1.915625 -1.905758 -1.925492
0.618182 -1.918750 -1.907744 -1.929756
0.627273 -1.932500 -1.923154 -1.941846
0.636364 -1.936875 -1.927970 -1.945780
0.645455 -1.948125 -1.939419 -1.956831
0.654545 -1.941875 -1.932675 -1.951075
0.663636 -1.954375 -1.946487 -1.962263
0.672727 -1.949375 -1.941200 -1.957550
0.681818 -1.965000 -1.958101 -1.971899
0.690909 -1.968750 -1.962313 -1.975187
0.700000 -1.956250 -1.948738 -1.963762
0.709091 -1.971875 -1.965030 -1.978720
0.718182 -1.968125 -1.961689 -1.974561
0.727273 -1.956875 -1.949249 -1.964501
0.736364 -1.974375 -1.968611 -1.980139
0.745455 -1.973750 -1.967779 -1.979721
0.754545 -1.978750 -1.973708 -1.983792
0.763636 -1.983125 -1.978353 -1.987897
0.772727 -1.978125 -1.972622 -1.983628
0.781818 -1.986250 -1.981501 -1.990999
0.790909 -1.983125 -1.978353 -1.987897
0.800000 -1.983125 -1.978191 -1.988059
0.809091 -1.982500 -1.977548 -1.987452
0.818182 -1.988750 -1.985155 -1.992345
0.827273 -1.990000 -1.986592 -1.993408
0.836364 -1.993125 -1.990061 -1.996189
0.845455 -1.993750 -1.991012 -1.996488
0.854545 -1.983750 -1.979525 -1.987975
0.863636 -1.985625 -1.981472 -1.989778
0.872727 -1.990625 -1.987142 -1.994108
0.881818 -1.996250 -1.994107 -1.998393
0.890909 -1.996250 -1.994107 -1.998393
0.900000 -1.988750 -1.985155 -1.992345
0.909091 -1.993750 -1.991012 -1.996488
0.918182 -1.994375 -1.991553 -1.997197
0.927273 -1.995000 -1.992538 -1.997462
0.936364 -1.995000 -1.992538 -1.997462
0.945455 -1.998750 -1.997500 -2.000000
0.954545 -1.995625 -1.993073 -1.998177
0.963636 -1.990000 -1.986592 -1.993408
0.972727 -1.996250 -1.994107 -1.998393
0.981818 -1.997500 -1.995741 -1.999259
0.990909 -1.998750 -1.997500 -2.000000
1.000000 -1.998750 -1.997500 -2.000000
