-0.03,543,255,439316.9,-14.11,10.15,-0.064845367,543,255,234811,-13.43,10.18,-0.034845367
0.34,559,322,599069.8,-14.44,9.82,-0.394845367,559,322,450209.7,-14.13,9.48,-0.734845367
-0.03,530,333,278342.7,-13.61,10.65,0.435154633,530,333,148540,-12.93,10.68,0.465154633
0.02,355,148,70289.74,-12.12,12.14,1.925154633,355,148,39301.23,-11.49,12.12,1.905154633
-0.04,345,100,249055.4,-13.49,10.77,0.555154633,345,100,131293.5,-12.8,10.81,0.595154633
0.05,477,39,42551.29,-11.57,12.69,2.475154633,477,39,24331.2,-10.97,12.64,2.425154633
0.55,145,533,1999802,-15.75,8.51,-1.704845367,145,533,1823228,-15.65,7.96,-2.254845367
0.23,203,297,701739.6,-14.62,9.64,-0.574845367,203,297,476530.5,-14.2,9.41,-0.804845367
0.22,124,303,735194.9,-14.67,9.59,-0.624845367,124,303,498620.2,-14.24,9.37,-0.844845367
0.03,80,284,130631.5,-12.79,11.47,1.255154633,80,284,73794.14,-12.17,11.44,1.225154633
0.36,152,212,682440.7,-14.59,9.67,-0.544845367,152,212,526583.4,-14.3,9.31,-0.904845367
-0.01,404,607,119066,-12.69,11.57,1.355154633,404,607,65078.1,-12.03,11.58,1.365154633
0.02,357,514,93154.91,-12.42,11.84,1.625154633,357,514,51869.87,-11.79,11.82,1.605154633
0.13,333,452,84719.24,-12.32,11.94,1.725154633,333,452,52660.83,-11.8,11.81,1.595154633
0.35,342,405,646201.9,-14.53,9.73,-0.484845367,342,405,490074.4,-14.23,9.38,-0.834845367
-0.02,351,349,435167.7,-14.1,10.16,-0.054845367,351,349,235688.8,-13.43,10.18,-0.034845367
-0.04,332,264,118537.2,-12.69,11.57,1.355154633,332,264,62824.23,-12,11.61,1.395154633
-0.01,273,225,207407.4,-13.29,10.97,0.755154633,273,225,113055.8,-12.63,10.98,0.765154633
0.05,269,160,387022.1,-13.97,10.29,0.075154633,269,160,223568.5,-13.37,10.24,0.025154633
0.02,238,151,274490.2,-13.6,10.66,0.445154633,238,151,153591.5,-12.97,10.64,0.425154633
-0.03,298,202,122895.5,-12.72,11.54,1.325154633,298,202,65673.83,-12.04,11.57,1.355154633
0.09,268,186,64762.45,-12.03,12.23,2.015154633,268,186,38849.47,-11.47,12.14,1.925154633
0.12,242,211,30844.61,-11.22,13.04,2.825154633,242,211,18930.9,-10.69,12.92,2.705154633
0.12,413,84,37791.77,-11.44,12.82,2.605154633,413,84,23024.96,-10.91,12.7,2.485154633
0.06,429,260,44833.37,-11.63,12.63,2.415154633,429,260,26132.28,-11.04,12.57,2.355154633
-0.1,377,404,577748.7,-14.4,9.86,-0.354845367,377,404,289362.7,-13.65,9.96,-0.254845367
-0.08,304,353,898915.9,-14.88,9.38,-0.834845367,304,353,457327.9,-14.15,9.46,-0.754845367
-0.01,278,358,87804.05,-12.36,11.9,1.685154633,278,358,48038.16,-11.7,11.91,1.695154633
0.11,259,319,58749.07,-11.92,12.34,2.125154633,259,319,35470.7,-11.38,12.23,2.015154633
0.05,168,309,48173.11,-11.71,12.55,2.335154633,168,309,27751.23,-11.11,12.5,2.285154633
0.09,162,358,40699.93,-11.52,12.74,2.525154633,162,358,24206.37,-10.96,12.65,2.435154633
0.11,126,382,46570.92,-11.67,12.59,2.375154633,126,382,28319.15,-11.13,12.48,2.265154633
0.12,169,390,23049.82,-10.91,13.35,3.135154633,169,390,14209.22,-10.38,13.23,3.015154633
0.26,188,444,166453.9,-13.05,11.21,0.995154633,188,444,115540.4,-12.66,10.95,0.735154633
-0.02,206,463,228468.7,-13.4,10.86,0.645154633,206,463,123171.9,-12.73,10.88,0.665154633
-0.06,240,578,202378.6,-13.27,10.99,0.775154633,240,578,105331.1,-12.56,11.05,0.835154633
-0.02,54,550,161201.4,-13.02,11.24,1.025154633,54,550,87138.72,-12.35,11.26,1.045154633
-0.04,407,424,151147,-12.95,11.31,1.095154633,407,424,80179.76,-12.26,11.35,1.135154633
-0.01,409,447,147206.8,-12.92,11.34,1.125154633,409,447,79880.38,-12.26,11.35,1.135154633
0.21,426,426,185465,-13.17,11.09,0.875154633,426,426,123796.5,-12.73,10.88,0.665154633
0.05,466,514,57131.17,-11.89,12.37,2.155154633,466,514,32790.47,-11.29,12.32,2.105154633
0.02,279,588,96345.87,-12.46,11.8,1.585154633,279,588,54146.8,-11.83,11.78,1.565154633
0.11,270,562,33292.96,-11.31,12.95,2.735154633,270,562,20282.51,-10.77,12.84,2.625154633
0.22,300,532,27244.14,-11.09,13.17,2.955154633,300,532,18441.37,-10.66,12.95,2.735154633
0.15,248,513,36105.21,-11.39,12.87,2.655154633,248,513,22738.05,-10.89,12.72,2.505154633
0.16,280,516,25111.37,-11,13.26,3.045154633,280,516,15955.42,-10.51,13.1,2.885154633
-0.03,425,335,88524.64,-12.37,11.89,1.675154633,425,335,47429.19,-11.69,11.92,1.705154633
1.77636E-15,662,248,510732.6,-14.27,9.99,-0.224845367,662,248,279321.7,-13.62,9.99,-0.224845367
0.1,504,226,59037.84,-11.93,12.33,2.115154633,504,226,35571.5,-11.38,12.23,2.015154633
0.09,169,247,50718.54,-11.76,12.5,2.285154633,169,247,30286.74,-11.2,12.41,2.195154633
0.06,246,242,76476.16,-12.21,12.05,1.835154633,246,242,44398.2,-11.62,11.99,1.775154633
0.12,348,313,24751.57,-10.98,13.28,3.065154633,348,313,15075.29,-10.45,13.16,2.945154633
0.19,318,285,18308.36,-10.66,13.6,3.385154633,318,285,11993.24,-10.2,13.41,3.195154633
0.2,302,259,20187.11,-10.76,13.5,3.285154633,302,259,13346.95,-10.31,13.3,3.085154633
0.03,146,508,69135.38,-12.1,12.16,1.945154633,146,508,38963.23,-11.48,12.13,1.915154633
0.04,64,637,101420.1,-12.52,11.74,1.525154633,64,637,57871.17,-11.91,11.7,1.485154633
0.16,306,474,17969.43,-10.64,13.62,3.405154633,306,474,11516.57,-10.15,13.46,3.245154633
-0.01,625,603,227683.2,-13.39,10.87,0.655154633,625,603,124076.7,-12.73,10.88,0.665154633
0.35,13,495,619919.6,-14.48,9.78,-0.434845367,13,495,470017,-14.18,9.43,-0.784845367
0.07,656,109,31044.06,-11.23,13.03,2.815154633,656,109,18271.79,-10.65,12.96,2.745154633
0.02,381,375,70447.17,-12.12,12.14,1.925154633,381,375,39521.54,-11.49,12.12,1.905154633
0.1,209,276,35558.48,-11.38,12.88,2.665154633,209,276,21432.62,-10.83,12.78,2.565154633
0.17,243,287,22534.53,-10.88,13.38,3.165154633,243,287,14395.71,-10.4,13.21,2.995154633
0.12,294,612,30183.87,-11.2,13.06,2.845154633,294,612,18577.55,-10.67,12.94,2.725154633
0.02,322,362,137722.7,-12.85,11.41,1.195154633,322,362,77029.07,-12.22,11.39,1.175154633
0.06,357,370,83389.54,-12.3,11.96,1.745154633,357,370,48371.08,-11.71,11.9,1.685154633
0.21,385,466,20869.54,-10.8,13.46,3.245154633,385,466,13925.59,-10.36,13.25,3.035154633
0.14,222,562,35464.67,-11.37,12.89,2.675154633,222,562,22171.61,-10.86,12.75,2.535154633
0.15,470,248,33248.33,-11.3,12.96,2.745154633,470,248,20828.38,-10.8,12.81,2.595154633
0.12,475,294,25286.07,-11.01,13.25,3.035154633,475,294,15600.24,-10.48,13.13,2.915154633
0.16,489,328,27067.67,-11.08,13.18,2.965154633,489,328,17270.05,-10.59,13.02,2.805154633
0.13,636,212,29131.18,-11.16,13.1,2.885154633,636,212,17970.79,-10.64,12.97,2.755154633
0.14,508,41,83473.29,-12.3,11.96,1.745154633,508,41,51846.57,-11.79,11.82,1.605154633