#time	V(n002)
0.000000000000000e+000	0.000000e+000
4.330102856394663e-006	7.938151e-002
8.660205712789326e-006	1.585582e-001
1.299030856918399e-005	2.375302e-001
1.732041142557865e-005	3.162973e-001
2.165051428197332e-005	3.948597e-001
2.598061713836798e-005	4.732172e-001
3.031071999476263e-005	5.513700e-001
3.502500570904834e-005	6.360138e-001
3.973929142333404e-005	7.199175e-001
4.445357713761974e-005	8.030811e-001
4.916786285190544e-005	8.855046e-001
5.388214856619115e-005	9.671880e-001
5.859643428047685e-005	1.048131e+000
6.331071999476254e-005	1.128335e+000
6.431071999476254e-005	1.145184e+000
6.731071999476253e-005	1.195459e+000
7.031071999476252e-005	1.245310e+000
7.331071999476252e-005	1.294718e+000
7.631071999476251e-005	1.343665e+000
7.831071999476250e-005	1.376033e+000
8.031071999476250e-005	1.408184e+000
8.231071999476249e-005	1.440112e+000
8.431071999476248e-005	1.471812e+000
8.631071999476248e-005	1.503281e+000
8.731071999476248e-005	1.518926e+000
8.831071999476247e-005	1.534512e+000
8.931071999476247e-005	1.550037e+000
9.031071999476247e-005	1.565500e+000
9.131071999476246e-005	1.580902e+000
9.231071999476246e-005	1.596242e+000
9.331071999476246e-005	1.611518e+000
9.431071999476246e-005	1.626731e+000
9.531071999476245e-005	1.641879e+000
9.631071999476245e-005	1.656963e+000
9.731071999476245e-005	1.671982e+000
9.831071999476245e-005	1.686934e+000
9.931071999476244e-005	1.701820e+000
1.003107199947624e-004	1.716638e+000
1.013107199947624e-004	1.731389e+000
1.023107199947624e-004	1.746072e+000
1.033107199947624e-004	1.760685e+000
1.043107199947624e-004	1.775229e+000
1.053107199947624e-004	1.789703e+000
1.063107199947624e-004	1.804109e+000
1.123107199947624e-004	1.892986e+000
1.183107199947624e-004	1.976546e+000
1.243107199947624e-004	2.054789e+000
1.303107199947624e-004	2.127716e+000
1.363107199947624e-004	2.195325e+000
1.423107199947624e-004	2.257618e+000
1.483107199947623e-004	2.314593e+000
1.580250057090480e-004	2.379341e+000
1.677392914233337e-004	2.435124e+000
1.774535771376194e-004	2.481942e+000
1.871678628519051e-004	2.519793e+000
1.968821485661908e-004	2.548680e+000
2.065964342804765e-004	2.568601e+000
2.163107199947621e-004	2.579556e+000
2.255964342804765e-004	2.589862e+000
2.348821485661910e-004	2.596878e+000
2.441678628519054e-004	2.600603e+000
2.534535771376198e-004	2.601039e+000
2.627392914233342e-004	2.598184e+000
2.720250057090486e-004	2.592040e+000
2.813107199947630e-004	2.582605e+000
2.823107199947630e-004	2.581354e+000
2.920250057090490e-004	2.570880e+000
3.017392914233349e-004	2.551721e+000
3.114535771376208e-004	2.523877e+000
3.211678628519068e-004	2.487347e+000
3.308821485661928e-004	2.442132e+000
3.405964342804787e-004	2.388232e+000
3.503107199947647e-004	2.325647e+000
3.563107199947648e-004	2.270851e+000
3.623107199947650e-004	2.210426e+000
3.683107199947651e-004	2.144372e+000
3.743107199947652e-004	2.072688e+000
3.803107199947654e-004	1.995376e+000
3.863107199947655e-004	1.912434e+000
3.923107199947657e-004	1.823862e+000
3.943107199947657e-004	1.795165e+000
3.953107199947658e-004	1.780717e+000
3.963107199947658e-004	1.766199e+000
3.973107199947658e-004	1.751612e+000
3.983107199947658e-004	1.736956e+000
3.993107199947658e-004	1.722230e+000
4.003107199947659e-004	1.707438e+000
4.013107199947659e-004	1.692577e+000
4.023107199947659e-004	1.677650e+000
4.033107199947659e-004	1.662656e+000
4.043107199947660e-004	1.647597e+000
4.053107199947660e-004	1.632473e+000
4.063107199947660e-004	1.617285e+000
4.073107199947660e-004	1.602032e+000
4.083107199947661e-004	1.586716e+000
4.093107199947661e-004	1.571338e+000
4.103107199947661e-004	1.555898e+000
4.113107199947661e-004	1.540396e+000
4.123107199947662e-004	1.524833e+000
4.143107199947662e-004	1.493528e+000
4.163107199947663e-004	1.461987e+000
4.183107199947663e-004	1.430215e+000
4.203107199947664e-004	1.398217e+000
4.223107199947664e-004	1.365999e+000
4.243107199947665e-004	1.333565e+000
4.273107199947665e-004	1.284520e+000
4.303107199947666e-004	1.235019e+000
4.333107199947667e-004	1.185079e+000
4.353107199947667e-004	1.151551e+000
4.373107199947668e-004	1.117841e+000
4.427392914233383e-004	1.025191e+000
4.481678628519099e-004	9.316242e-001
4.535964342804814e-004	8.371398e-001
4.590250057090530e-004	7.417381e-001
4.644535771376246e-004	6.454191e-001
4.698821485661962e-004	5.481827e-001
4.753107199947677e-004	4.500291e-001
4.788821485661963e-004	3.852633e-001
4.824535771376250e-004	3.203854e-001
4.860250057090536e-004	2.553953e-001
4.895964342804823e-004	1.902931e-001
4.931678628519110e-004	1.250787e-001
4.967392914233396e-004	5.975219e-002
5.003107199947683e-004	-5.686501e-003
5.050250057090541e-004	-9.213577e-002
5.097392914233399e-004	-1.783159e-001
5.144535771376258e-004	-2.642269e-001
5.191678628519115e-004	-3.498687e-001
5.238821485661974e-004	-4.352414e-001
5.285964342804832e-004	-5.203449e-001
5.333107199947691e-004	-6.051793e-001
5.377392914233406e-004	-6.843635e-001
5.421678628519121e-004	-7.628676e-001
5.465964342804836e-004	-8.406913e-001
5.510250057090552e-004	-9.178349e-001
5.554535771376268e-004	-9.942983e-001
5.598821485661982e-004	-1.070081e+000
5.643107199947698e-004	-1.145184e+000
5.673107199947699e-004	-1.195459e+000
5.703107199947700e-004	-1.245310e+000
5.733107199947700e-004	-1.294718e+000
5.763107199947701e-004	-1.343665e+000
5.783107199947701e-004	-1.376033e+000
5.803107199947702e-004	-1.408184e+000
5.823107199947702e-004	-1.440112e+000
5.843107199947703e-004	-1.471812e+000
5.863107199947703e-004	-1.503281e+000
5.873107199947704e-004	-1.518926e+000
5.883107199947704e-004	-1.534512e+000
5.893107199947704e-004	-1.550037e+000
5.903107199947704e-004	-1.565500e+000
5.913107199947705e-004	-1.580902e+000
5.923107199947705e-004	-1.596242e+000
5.933107199947705e-004	-1.611518e+000
5.943107199947705e-004	-1.626731e+000
5.953107199947706e-004	-1.641879e+000
5.963107199947706e-004	-1.656963e+000
5.973107199947706e-004	-1.671982e+000
5.983107199947706e-004	-1.686934e+000
5.993107199947707e-004	-1.701820e+000
6.003107199947707e-004	-1.716638e+000
6.013107199947707e-004	-1.731389e+000
6.023107199947707e-004	-1.746072e+000
6.033107199947708e-004	-1.760685e+000
6.043107199947708e-004	-1.775229e+000
6.053107199947708e-004	-1.789703e+000
6.063107199947708e-004	-1.804109e+000
6.123107199947710e-004	-1.892986e+000
6.183107199947711e-004	-1.976546e+000
6.243107199947713e-004	-2.054789e+000
6.303107199947714e-004	-2.127716e+000
6.363107199947716e-004	-2.195325e+000
6.423107199947717e-004	-2.257618e+000
6.483107199947718e-004	-2.314593e+000
6.580250057090578e-004	-2.379341e+000
6.677392914233438e-004	-2.435124e+000
6.774535771376297e-004	-2.481942e+000
6.871678628519157e-004	-2.519793e+000
6.968821485662016e-004	-2.548680e+000
7.065964342804875e-004	-2.568601e+000
7.163107199947735e-004	-2.579556e+000
7.321678628519167e-004	-2.598262e+000
7.480250057090600e-004	-2.605207e+000
7.638821485662032e-004	-2.600391e+000
7.797392914233465e-004	-2.583815e+000
7.955964342804897e-004	-2.555477e+000
8.114535771376330e-004	-2.515380e+000
8.273107199947762e-004	-2.463521e+000
8.350250057090621e-004	-2.428672e+000
8.427392914233480e-004	-2.382276e+000
8.504535771376340e-004	-2.324332e+000
8.581678628519199e-004	-2.254841e+000
8.658821485662057e-004	-2.173803e+000
8.735964342804916e-004	-2.081216e+000
8.813107199947775e-004	-1.977083e+000
8.823107199947775e-004	-1.963491e+000
8.933107199947778e-004	-1.809545e+000
8.943107199947778e-004	-1.795165e+000
8.953107199947779e-004	-1.780717e+000
8.963107199947779e-004	-1.766199e+000
8.973107199947779e-004	-1.751612e+000
8.983107199947779e-004	-1.736956e+000
8.993107199947779e-004	-1.722230e+000
9.003107199947780e-004	-1.707438e+000
9.013107199947780e-004	-1.692577e+000
9.023107199947780e-004	-1.677650e+000
9.033107199947780e-004	-1.662656e+000
9.043107199947781e-004	-1.647597e+000
9.053107199947781e-004	-1.632473e+000
9.063107199947781e-004	-1.617285e+000
9.073107199947781e-004	-1.602032e+000
9.083107199947782e-004	-1.586716e+000
9.093107199947782e-004	-1.571338e+000
9.103107199947782e-004	-1.555898e+000
9.113107199947782e-004	-1.540396e+000
9.123107199947783e-004	-1.524833e+000
9.143107199947783e-004	-1.493528e+000
9.163107199947784e-004	-1.461987e+000
9.183107199947784e-004	-1.430215e+000
9.203107199947785e-004	-1.398217e+000
9.223107199947785e-004	-1.365999e+000
9.243107199947786e-004	-1.333565e+000
9.273107199947786e-004	-1.284520e+000
9.303107199947787e-004	-1.235019e+000
9.333107199947788e-004	-1.185079e+000
9.353107199947788e-004	-1.151551e+000
9.373107199947789e-004	-1.117841e+000
9.427392914233505e-004	-1.025191e+000
9.481678628519219e-004	-9.316242e-001
9.535964342804935e-004	-8.371398e-001
9.590250057090651e-004	-7.417381e-001
9.644535771376367e-004	-6.454191e-001
9.698821485662082e-004	-5.481827e-001
9.753107199947798e-004	-4.500291e-001
9.788821485662081e-004	-3.852633e-001
9.824535771376364e-004	-3.203854e-001
9.860250057090647e-004	-2.553953e-001
9.895964342804930e-004	-1.902931e-001
9.931678628519213e-004	-1.250787e-001
9.967392914233496e-004	-5.975219e-002
1.000310719994778e-003	5.686501e-003
1.005025005709063e-003	9.213577e-002
1.009739291423349e-003	1.783159e-001
1.014453577137634e-003	2.642269e-001
1.019167862851919e-003	3.498687e-001
1.023882148566205e-003	4.352414e-001
1.028596434280490e-003	5.203449e-001
1.033310719994775e-003	6.051793e-001
1.037739291423346e-003	6.843635e-001
1.042167862851917e-003	7.628676e-001
1.046596434280488e-003	8.406913e-001
1.051025005709059e-003	9.178349e-001
1.055453577137631e-003	9.942983e-001
1.059882148566202e-003	1.070081e+000
1.064310719994773e-003	1.145184e+000
1.067310719994772e-003	1.195459e+000
1.070310719994772e-003	1.245310e+000
1.073310719994772e-003	1.294718e+000
1.076310719994772e-003	1.343665e+000
1.078310719994771e-003	1.376033e+000
1.080310719994771e-003	1.408184e+000
1.082310719994771e-003	1.440112e+000
1.084310719994771e-003	1.471812e+000
1.086310719994771e-003	1.503281e+000
1.087310719994771e-003	1.518926e+000
1.088310719994771e-003	1.534512e+000
1.089310719994770e-003	1.550037e+000
1.090310719994770e-003	1.565500e+000
1.091310719994770e-003	1.580902e+000
1.092310719994770e-003	1.596242e+000
1.093310719994770e-003	1.611518e+000
1.094310719994770e-003	1.626731e+000
1.095310719994770e-003	1.641879e+000
1.096310719994770e-003	1.656963e+000
1.097310719994770e-003	1.671982e+000
1.098310719994770e-003	1.686934e+000
1.099310719994770e-003	1.701820e+000
1.100310719994770e-003	1.716638e+000
1.101310719994769e-003	1.731389e+000
1.102310719994769e-003	1.746072e+000
1.103310719994769e-003	1.760685e+000
1.104310719994769e-003	1.775229e+000
1.105310719994769e-003	1.789703e+000
1.106310719994769e-003	1.804109e+000
1.112310719994769e-003	1.892986e+000
1.118310719994768e-003	1.976546e+000
1.124310719994768e-003	2.054789e+000
1.130310719994767e-003	2.127716e+000
1.136310719994767e-003	2.195325e+000
1.142310719994766e-003	2.257618e+000
1.148310719994766e-003	2.314593e+000
1.153025005709051e-003	2.349923e+000
1.157739291423336e-003	2.382208e+000
1.162453577137622e-003	2.411447e+000
1.167167862851907e-003	2.437640e+000
1.171882148566192e-003	2.460788e+000
1.176596434280477e-003	2.480890e+000
1.181310719994763e-003	2.497947e+000
1.182310719994763e-003	2.501479e+000
1.202882148566190e-003	2.555113e+000
1.223453577137616e-003	2.589270e+000
1.244025005709043e-003	2.603951e+000
1.264596434280470e-003	2.599154e+000
1.285167862851897e-003	2.574881e+000
1.305739291423324e-003	2.531131e+000
1.326310719994751e-003	2.467905e+000
1.335025005709036e-003	2.428023e+000
1.343739291423320e-003	2.374131e+000
1.352453577137606e-003	2.306228e+000
1.361167862851890e-003	2.224313e+000
1.369882148566175e-003	2.128387e+000
1.378596434280460e-003	2.018450e+000
1.387310719994745e-003	1.894501e+000
1.388310719994745e-003	1.880501e+000
1.389310719994745e-003	1.866437e+000
1.390310719994745e-003	1.852309e+000
1.391310719994745e-003	1.838118e+000
1.392310719994745e-003	1.823864e+000
1.393310719994745e-003	1.809546e+000
1.394310719994745e-003	1.795165e+000
1.395310719994745e-003	1.780717e+000
1.396310719994745e-003	1.766199e+000
1.397310719994745e-003	1.751612e+000
1.398310719994744e-003	1.736956e+000
1.399310719994744e-003	1.722230e+000
1.400310719994744e-003	1.707438e+000
1.401310719994744e-003	1.692577e+000
1.402310719994744e-003	1.677650e+000
1.403310719994744e-003	1.662656e+000
1.404310719994744e-003	1.647597e+000
1.405310719994744e-003	1.632473e+000
1.406310719994744e-003	1.617285e+000
1.407310719994744e-003	1.602032e+000
1.408310719994744e-003	1.586716e+000
1.409310719994744e-003	1.571338e+000
1.410310719994743e-003	1.555898e+000
1.411310719994743e-003	1.540396e+000
1.412310719994743e-003	1.524833e+000
1.414310719994743e-003	1.493528e+000
1.416310719994743e-003	1.461987e+000
1.418310719994743e-003	1.430215e+000
1.420310719994743e-003	1.398217e+000
1.422310719994742e-003	1.365999e+000
1.424310719994742e-003	1.333565e+000
1.427310719994742e-003	1.284520e+000
1.430310719994742e-003	1.235019e+000
1.433310719994742e-003	1.185079e+000
1.435310719994741e-003	1.151551e+000
1.437310719994741e-003	1.117841e+000
1.442739291423312e-003	1.025191e+000
1.448167862851883e-003	9.316242e-001
1.453596434280454e-003	8.371398e-001
1.459025005709025e-003	7.417381e-001
1.464453577137596e-003	6.454191e-001
1.469882148566167e-003	5.481827e-001
1.475310719994738e-003	4.500291e-001
1.482310719994737e-003	3.230658e-001
1.485025005709023e-003	2.736175e-001
1.487739291423308e-003	2.241256e-001
1.490453577137594e-003	1.745901e-001
1.493167862851879e-003	1.250111e-001
1.495882148566165e-003	7.538855e-002
1.498596434280450e-003	2.572242e-002
1.501310719994736e-003	-2.398726e-002
1.506739291423307e-003	-1.235859e-001
1.512167862851878e-003	-2.227539e-001
1.517596434280449e-003	-3.214913e-001
1.523025005709020e-003	-4.197979e-001
1.528453577137591e-003	-5.176739e-001
1.533882148566162e-003	-6.151191e-001
1.539310719994733e-003	-7.121337e-001
1.542882148566161e-003	-7.754045e-001
1.546453577137589e-003	-8.382064e-001
1.550025005709018e-003	-9.005396e-001
1.553596434280446e-003	-9.624039e-001
1.557167862851874e-003	-1.023800e+000
1.560739291423302e-003	-1.084726e+000
1.564310719994731e-003	-1.145184e+000
1.567310719994730e-003	-1.195459e+000
1.570310719994730e-003	-1.245310e+000
1.573310719994730e-003	-1.294718e+000
1.576310719994730e-003	-1.343665e+000
1.578310719994729e-003	-1.376033e+000
1.580310719994729e-003	-1.408184e+000
1.582310719994729e-003	-1.440112e+000
1.584310719994729e-003	-1.471812e+000
1.586310719994729e-003	-1.503281e+000
1.587310719994729e-003	-1.518926e+000
1.588310719994728e-003	-1.534512e+000
1.589310719994728e-003	-1.550037e+000
1.590310719994728e-003	-1.565500e+000
1.591310719994728e-003	-1.580902e+000
1.592310719994728e-003	-1.596242e+000
1.593310719994728e-003	-1.611518e+000
1.594310719994728e-003	-1.626731e+000
1.595310719994728e-003	-1.641879e+000
1.596310719994728e-003	-1.656963e+000
1.597310719994728e-003	-1.671982e+000
1.598310719994728e-003	-1.686934e+000
1.599310719994728e-003	-1.701820e+000
1.600310719994727e-003	-1.716638e+000
1.601310719994727e-003	-1.731389e+000
1.602310719994727e-003	-1.746072e+000
1.603310719994727e-003	-1.760685e+000
1.604310719994727e-003	-1.775229e+000
1.605310719994727e-003	-1.789703e+000
1.606310719994727e-003	-1.804109e+000
1.612310719994726e-003	-1.892986e+000
1.618310719994726e-003	-1.976546e+000
1.624310719994725e-003	-2.054789e+000
1.630310719994725e-003	-2.127716e+000
1.636310719994724e-003	-2.195325e+000
1.642310719994724e-003	-2.257618e+000
1.648310719994723e-003	-2.314593e+000
1.658025005709008e-003	-2.379341e+000
1.667739291423293e-003	-2.435124e+000
1.677453577137578e-003	-2.481942e+000
1.687167862851863e-003	-2.519793e+000
1.696882148566148e-003	-2.548680e+000
1.706596434280433e-003	-2.568601e+000
1.716310719994718e-003	-2.579556e+000
1.725596434280431e-003	-2.589862e+000
1.734882148566145e-003	-2.596878e+000
1.744167862851858e-003	-2.600603e+000
1.753453577137572e-003	-2.601039e+000
1.762739291423285e-003	-2.598184e+000
1.772025005708999e-003	-2.592040e+000
1.781310719994712e-003	-2.582605e+000
1.782310719994712e-003	-2.581354e+000
1.792025005708997e-003	-2.570880e+000
1.801739291423282e-003	-2.551721e+000
1.811453577137567e-003	-2.523877e+000
1.821167862851852e-003	-2.487347e+000
1.830882148566137e-003	-2.442132e+000
1.840596434280421e-003	-2.388232e+000
1.850310719994706e-003	-2.325647e+000
1.856310719994706e-003	-2.270851e+000
1.862310719994705e-003	-2.210426e+000
1.868310719994705e-003	-2.144372e+000
1.874310719994704e-003	-2.072688e+000
1.880310719994704e-003	-1.995376e+000
1.886310719994703e-003	-1.912434e+000
1.892310719994703e-003	-1.823862e+000
1.894310719994703e-003	-1.795165e+000
1.895310719994703e-003	-1.780717e+000
1.896310719994703e-003	-1.766199e+000
1.897310719994703e-003	-1.751612e+000
1.898310719994702e-003	-1.736956e+000
1.899310719994702e-003	-1.722230e+000
1.900310719994702e-003	-1.707438e+000
1.901310719994702e-003	-1.692577e+000
1.902310719994702e-003	-1.677650e+000
1.903310719994702e-003	-1.662656e+000
1.904310719994702e-003	-1.647597e+000
1.905310719994702e-003	-1.632473e+000
1.906310719994702e-003	-1.617285e+000
1.907310719994702e-003	-1.602032e+000
1.908310719994702e-003	-1.586716e+000
1.909310719994701e-003	-1.571338e+000
1.910310719994701e-003	-1.555898e+000
1.911310719994701e-003	-1.540396e+000
1.912310719994701e-003	-1.524833e+000
1.914310719994701e-003	-1.493528e+000
1.916310719994701e-003	-1.461987e+000
1.918310719994701e-003	-1.430215e+000
1.920310719994701e-003	-1.398217e+000
1.922310719994700e-003	-1.365999e+000
1.924310719994700e-003	-1.333565e+000
1.927310719994700e-003	-1.284520e+000
1.930310719994700e-003	-1.235019e+000
1.933310719994699e-003	-1.185079e+000
1.935310719994699e-003	-1.151551e+000
1.937310719994699e-003	-1.117841e+000
1.942739291423271e-003	-1.025191e+000
1.948167862851843e-003	-9.316242e-001
1.953596434280414e-003	-8.371398e-001
1.959025005708986e-003	-7.417381e-001
1.964453577137558e-003	-6.454191e-001
1.969882148566129e-003	-5.481827e-001
1.975310719994701e-003	-4.500291e-001
1.978882148566130e-003	-3.852633e-001
1.982453577137559e-003	-3.203854e-001
1.986025005708988e-003	-2.553953e-001
1.989596434280417e-003	-1.902931e-001
1.993167862851846e-003	-1.250787e-001
1.996739291423275e-003	-5.975219e-002
2.000310719994704e-003	5.686501e-003
2.005025005708990e-003	9.213577e-002
2.009739291423277e-003	1.783159e-001
2.014453577137563e-003	2.642269e-001
2.019167862851850e-003	3.498687e-001
2.023882148566136e-003	4.352414e-001
2.028596434280422e-003	5.203449e-001
2.033310719994708e-003	6.051793e-001
2.037739291423280e-003	6.843635e-001
2.042167862851853e-003	7.628676e-001
2.046596434280425e-003	8.406913e-001
2.051025005708996e-003	9.178349e-001
2.055453577137568e-003	9.942983e-001
2.059882148566141e-003	1.070081e+000
2.064310719994713e-003	1.145184e+000
2.067310719994713e-003	1.195459e+000
2.070310719994713e-003	1.245310e+000
2.073310719994714e-003	1.294718e+000
2.076310719994714e-003	1.343665e+000
2.078310719994714e-003	1.376033e+000
2.080310719994715e-003	1.408184e+000
2.082310719994715e-003	1.440112e+000
2.084310719994715e-003	1.471812e+000
2.086310719994715e-003	1.503281e+000
2.087310719994716e-003	1.518926e+000
2.088310719994716e-003	1.534512e+000
2.089310719994716e-003	1.550037e+000
2.090310719994716e-003	1.565500e+000
2.091310719994716e-003	1.580902e+000
2.092310719994716e-003	1.596242e+000
2.093310719994716e-003	1.611518e+000
2.094310719994717e-003	1.626731e+000
2.095310719994717e-003	1.641879e+000
2.096310719994717e-003	1.656963e+000
2.097310719994717e-003	1.671982e+000
2.098310719994717e-003	1.686934e+000
2.099310719994717e-003	1.701820e+000
2.100310719994717e-003	1.716638e+000
2.101310719994717e-003	1.731389e+000
2.102310719994718e-003	1.746072e+000
2.103310719994718e-003	1.760685e+000
2.104310719994718e-003	1.775229e+000
2.105310719994718e-003	1.789703e+000
2.106310719994718e-003	1.804109e+000
2.112310719994719e-003	1.892986e+000
2.118310719994720e-003	1.976546e+000
2.124310719994720e-003	2.054789e+000
2.130310719994721e-003	2.127716e+000
2.136310719994722e-003	2.195325e+000
2.142310719994723e-003	2.257618e+000
2.148310719994724e-003	2.314593e+000
2.158025005709011e-003	2.379341e+000
2.167739291423298e-003	2.435124e+000
2.177453577137585e-003	2.481942e+000
2.187167862851872e-003	2.519793e+000
2.196882148566159e-003	2.548680e+000
2.206596434280446e-003	2.568601e+000
2.216310719994733e-003	2.579556e+000
2.232167862851878e-003	2.598262e+000
2.248025005709023e-003	2.605207e+000
2.263882148566168e-003	2.600391e+000
2.279739291423312e-003	2.583815e+000
2.295596434280458e-003	2.555477e+000
2.311453577137602e-003	2.515380e+000
2.327310719994747e-003	2.463521e+000
2.335025005709034e-003	2.428672e+000
2.342739291423321e-003	2.382276e+000
2.350453577137607e-003	2.324332e+000
2.358167862851895e-003	2.254841e+000
2.365882148566181e-003	2.173803e+000
2.373596434280468e-003	2.081216e+000
2.381310719994755e-003	1.977083e+000
2.382310719994755e-003	1.963491e+000
2.393310719994756e-003	1.809545e+000
2.394310719994756e-003	1.795165e+000
2.395310719994756e-003	1.780717e+000
2.396310719994757e-003	1.766199e+000
2.397310719994757e-003	1.751612e+000
2.398310719994757e-003	1.736956e+000
2.399310719994757e-003	1.722230e+000
2.400310719994757e-003	1.707438e+000
2.401310719994757e-003	1.692577e+000
2.402310719994757e-003	1.677650e+000
2.403310719994758e-003	1.662656e+000
2.404310719994758e-003	1.647597e+000
2.405310719994758e-003	1.632473e+000
2.406310719994758e-003	1.617285e+000
2.407310719994758e-003	1.602032e+000
2.408310719994758e-003	1.586716e+000
2.409310719994758e-003	1.571338e+000
2.410310719994758e-003	1.555898e+000
2.411310719994759e-003	1.540396e+000
2.412310719994759e-003	1.524833e+000
2.414310719994759e-003	1.493528e+000
2.416310719994759e-003	1.461987e+000
2.418310719994760e-003	1.430215e+000
2.420310719994760e-003	1.398217e+000
2.422310719994760e-003	1.365999e+000
2.424310719994760e-003	1.333565e+000
2.427310719994761e-003	1.284520e+000
2.430310719994761e-003	1.235019e+000
2.433310719994762e-003	1.185079e+000
2.435310719994762e-003	1.151551e+000
2.437310719994762e-003	1.117841e+000
2.442739291423334e-003	1.025191e+000
2.448167862851907e-003	9.316242e-001
2.453596434280479e-003	8.371398e-001
2.459025005709051e-003	7.417381e-001
2.464453577137623e-003	6.454191e-001
2.469882148566195e-003	5.481827e-001
2.475310719994767e-003	4.500291e-001
2.478882148566196e-003	3.852633e-001
2.482453577137625e-003	3.203854e-001
2.486025005709054e-003	2.553953e-001
2.489596434280483e-003	1.902931e-001
2.493167862851912e-003	1.250787e-001
2.496739291423341e-003	5.975219e-002
2.500310719994770e-003	-5.686501e-003
2.505025005709057e-003	-9.213577e-002
2.509739291423343e-003	-1.783159e-001
2.514453577137629e-003	-2.642269e-001
2.519167862851916e-003	-3.498687e-001
2.523882148566202e-003	-4.352414e-001
2.528596434280488e-003	-5.203449e-001
2.533310719994775e-003	-6.051793e-001
2.537739291423347e-003	-6.843635e-001
2.542167862851919e-003	-7.628676e-001
2.546596434280491e-003	-8.406913e-001
2.551025005709063e-003	-9.178349e-001
2.555453577137635e-003	-9.942983e-001
2.559882148566207e-003	-1.070081e+000
2.564310719994779e-003	-1.145184e+000
2.567310719994779e-003	-1.195459e+000
2.570310719994780e-003	-1.245310e+000
2.573310719994780e-003	-1.294718e+000
2.576310719994780e-003	-1.343665e+000
2.578310719994781e-003	-1.376033e+000
2.580310719994781e-003	-1.408184e+000
2.582310719994781e-003	-1.440112e+000
2.584310719994782e-003	-1.471812e+000
2.586310719994782e-003	-1.503281e+000
2.587310719994782e-003	-1.518926e+000
2.588310719994782e-003	-1.534512e+000
2.589310719994782e-003	-1.550037e+000
2.590310719994782e-003	-1.565500e+000
2.591310719994782e-003	-1.580902e+000
2.592310719994783e-003	-1.596242e+000
2.593310719994783e-003	-1.611518e+000
2.594310719994783e-003	-1.626731e+000
2.595310719994783e-003	-1.641879e+000
2.596310719994783e-003	-1.656963e+000
2.597310719994783e-003	-1.671982e+000
2.598310719994783e-003	-1.686934e+000
2.599310719994784e-003	-1.701820e+000
2.600310719994784e-003	-1.716638e+000
2.601310719994784e-003	-1.731389e+000
2.602310719994784e-003	-1.746072e+000
2.603310719994784e-003	-1.760685e+000
2.604310719994784e-003	-1.775229e+000
2.605310719994784e-003	-1.789703e+000
2.606310719994784e-003	-1.804109e+000
2.612310719994785e-003	-1.892986e+000
2.618310719994786e-003	-1.976546e+000
2.624310719994787e-003	-2.054789e+000
2.630310719994788e-003	-2.127716e+000
2.636310719994788e-003	-2.195325e+000
2.642310719994789e-003	-2.257618e+000
2.648310719994790e-003	-2.314593e+000
2.653025005709076e-003	-2.349923e+000
2.657739291423363e-003	-2.382208e+000
2.662453577137649e-003	-2.411447e+000
2.667167862851936e-003	-2.437640e+000
2.671882148566222e-003	-2.460788e+000
2.676596434280508e-003	-2.480890e+000
2.681310719994794e-003	-2.497947e+000
2.682310719994795e-003	-2.501479e+000
2.702882148566226e-003	-2.555113e+000
2.723453577137657e-003	-2.589270e+000
2.744025005709088e-003	-2.603951e+000
2.764596434280520e-003	-2.599154e+000
2.785167862851951e-003	-2.574881e+000
2.805739291423382e-003	-2.531131e+000
2.826310719994814e-003	-2.467905e+000
2.835025005709100e-003	-2.428023e+000
2.843739291423387e-003	-2.374131e+000
2.852453577137674e-003	-2.306228e+000
2.861167862851961e-003	-2.224313e+000
2.869882148566248e-003	-2.128387e+000
2.878596434280535e-003	-2.018450e+000
2.887310719994822e-003	-1.894501e+000
2.888310719994822e-003	-1.880501e+000
2.889310719994822e-003	-1.866437e+000
2.890310719994822e-003	-1.852309e+000
2.891310719994822e-003	-1.838118e+000
2.892310719994822e-003	-1.823864e+000
2.893310719994823e-003	-1.809546e+000
2.894310719994823e-003	-1.795165e+000
2.895310719994823e-003	-1.780717e+000
2.896310719994823e-003	-1.766199e+000
2.897310719994823e-003	-1.751612e+000
2.898310719994823e-003	-1.736956e+000
2.899310719994823e-003	-1.722230e+000
2.900310719994823e-003	-1.707438e+000
2.901310719994824e-003	-1.692577e+000
2.902310719994824e-003	-1.677650e+000
2.903310719994824e-003	-1.662656e+000
2.904310719994824e-003	-1.647597e+000
2.905310719994824e-003	-1.632473e+000
2.906310719994824e-003	-1.617285e+000
2.907310719994824e-003	-1.602032e+000
2.908310719994825e-003	-1.586716e+000
2.909310719994825e-003	-1.571338e+000
2.910310719994825e-003	-1.555898e+000
2.911310719994825e-003	-1.540396e+000
2.912310719994825e-003	-1.524833e+000
2.914310719994825e-003	-1.493528e+000
2.916310719994826e-003	-1.461987e+000
2.918310719994826e-003	-1.430215e+000
2.920310719994826e-003	-1.398217e+000
2.922310719994826e-003	-1.365999e+000
2.924310719994827e-003	-1.333565e+000
2.927310719994827e-003	-1.284520e+000
2.930310719994827e-003	-1.235019e+000
2.933310719994828e-003	-1.185079e+000
2.935310719994828e-003	-1.151551e+000
2.937310719994828e-003	-1.117841e+000
2.942739291423400e-003	-1.025191e+000
2.948167862851973e-003	-9.316242e-001
2.953596434280545e-003	-8.371398e-001
2.959025005709117e-003	-7.417381e-001
2.964453577137689e-003	-6.454191e-001
2.969882148566261e-003	-5.481827e-001
2.975310719994833e-003	-4.500291e-001
2.982310719994834e-003	-3.230658e-001
2.985025005709120e-003	-2.736175e-001
2.987739291423406e-003	-2.241256e-001
2.990453577137692e-003	-1.745901e-001
2.993167862851979e-003	-1.250111e-001
2.995882148566265e-003	-7.538855e-002
2.998596434280551e-003	-2.572242e-002
3.001310719994837e-003	2.398726e-002
3.006739291423409e-003	1.235859e-001
3.012167862851981e-003	2.227539e-001
3.017596434280553e-003	3.214913e-001
3.023025005709125e-003	4.197979e-001
3.028453577137697e-003	5.176739e-001
3.033882148566270e-003	6.151191e-001
3.039310719994842e-003	7.121337e-001
3.042882148566271e-003	7.754045e-001
3.046453577137700e-003	8.382064e-001
3.050025005709129e-003	9.005396e-001
3.053596434280558e-003	9.624039e-001
3.057167862851987e-003	1.023800e+000
3.060739291423416e-003	1.084726e+000
3.064310719994845e-003	1.145184e+000
3.067310719994846e-003	1.195459e+000
3.070310719994846e-003	1.245310e+000
3.073310719994846e-003	1.294718e+000
3.076310719994847e-003	1.343665e+000
3.078310719994847e-003	1.376033e+000
3.080310719994847e-003	1.408184e+000
3.082310719994848e-003	1.440112e+000
3.084310719994848e-003	1.471812e+000
3.086310719994848e-003	1.503281e+000
3.087310719994848e-003	1.518926e+000
3.088310719994848e-003	1.534512e+000
3.089310719994849e-003	1.550037e+000
3.090310719994849e-003	1.565500e+000
3.091310719994849e-003	1.580902e+000
3.092310719994849e-003	1.596242e+000
3.093310719994849e-003	1.611518e+000
3.094310719994849e-003	1.626731e+000
3.095310719994849e-003	1.641879e+000
3.096310719994850e-003	1.656963e+000
3.097310719994850e-003	1.671982e+000
3.098310719994850e-003	1.686934e+000
3.099310719994850e-003	1.701820e+000
3.100310719994850e-003	1.716638e+000
3.101310719994850e-003	1.731389e+000
3.102310719994850e-003	1.746072e+000
3.103310719994850e-003	1.760685e+000
3.104310719994851e-003	1.775229e+000
3.105310719994851e-003	1.789703e+000
3.106310719994851e-003	1.804109e+000
3.112310719994852e-003	1.892986e+000
3.118310719994852e-003	1.976546e+000
3.124310719994853e-003	2.054789e+000
3.130310719994854e-003	2.127716e+000
3.136310719994855e-003	2.195325e+000
3.142310719994856e-003	2.257618e+000
3.148310719994856e-003	2.314593e+000
3.158025005709143e-003	2.379341e+000
3.167739291423430e-003	2.435124e+000
3.177453577137717e-003	2.481942e+000
3.187167862852005e-003	2.519793e+000
3.196882148566292e-003	2.548680e+000
3.206596434280578e-003	2.568601e+000
3.216310719994865e-003	2.579556e+000
3.225596434280581e-003	2.589862e+000
3.234882148566297e-003	2.596878e+000
3.244167862852012e-003	2.600603e+000
3.253453577137727e-003	2.601039e+000
3.262739291423443e-003	2.598184e+000
3.272025005709158e-003	2.592040e+000
3.281310719994874e-003	2.582605e+000
3.282310719994874e-003	2.581354e+000
3.292025005709161e-003	2.570880e+000
3.301739291423448e-003	2.551721e+000
3.311453577137735e-003	2.523877e+000
3.321167862852022e-003	2.487347e+000
3.330882148566309e-003	2.442132e+000
3.340596434280596e-003	2.388232e+000
3.350310719994883e-003	2.325647e+000
3.356310719994884e-003	2.270851e+000
3.362310719994885e-003	2.210426e+000
3.368310719994886e-003	2.144372e+000
3.374310719994886e-003	2.072688e+000
3.380310719994887e-003	1.995376e+000
3.386310719994888e-003	1.912434e+000
3.392310719994889e-003	1.823862e+000
3.394310719994889e-003	1.795165e+000
3.395310719994889e-003	1.780717e+000
3.396310719994889e-003	1.766199e+000
3.397310719994889e-003	1.751612e+000
3.398310719994890e-003	1.736956e+000
3.399310719994890e-003	1.722230e+000
3.400310719994890e-003	1.707438e+000
3.401310719994890e-003	1.692577e+000
3.402310719994890e-003	1.677650e+000
3.403310719994890e-003	1.662656e+000
3.404310719994890e-003	1.647597e+000
3.405310719994891e-003	1.632473e+000
3.406310719994891e-003	1.617285e+000
3.407310719994891e-003	1.602032e+000
3.408310719994891e-003	1.586716e+000
3.409310719994891e-003	1.571338e+000
3.410310719994891e-003	1.555898e+000
3.411310719994891e-003	1.540396e+000
3.412310719994891e-003	1.524833e+000
3.414310719994892e-003	1.493528e+000
3.416310719994892e-003	1.461987e+000
3.418310719994892e-003	1.430215e+000
3.420310719994893e-003	1.398217e+000
3.422310719994893e-003	1.365999e+000
3.424310719994893e-003	1.333565e+000
3.427310719994893e-003	1.284520e+000
3.430310719994894e-003	1.235019e+000
3.433310719994894e-003	1.185079e+000
3.435310719994894e-003	1.151551e+000
3.437310719994895e-003	1.117841e+000
3.442739291423467e-003	1.025191e+000
3.448167862852039e-003	9.316242e-001
3.453596434280611e-003	8.371398e-001
3.459025005709183e-003	7.417381e-001
3.464453577137755e-003	6.454191e-001
3.469882148566328e-003	5.481827e-001
3.475310719994900e-003	4.500291e-001
3.478882148566329e-003	3.852633e-001
3.482453577137758e-003	3.203854e-001
3.486025005709187e-003	2.553953e-001
3.489596434280616e-003	1.902931e-001
3.493167862852045e-003	1.250787e-001
3.496739291423474e-003	5.975219e-002
3.500310719994903e-003	-5.686501e-003
3.505025005709189e-003	-9.213577e-002
3.509739291423476e-003	-1.783159e-001
3.514453577137762e-003	-2.642269e-001
3.519167862852049e-003	-3.498687e-001
3.523882148566335e-003	-4.352414e-001
3.528596434280621e-003	-5.203449e-001
3.533310719994908e-003	-6.051793e-001
3.537739291423479e-003	-6.843635e-001
3.542167862852052e-003	-7.628676e-001
3.546596434280624e-003	-8.406913e-001
3.551025005709196e-003	-9.178349e-001
3.555453577137767e-003	-9.942983e-001
3.559882148566340e-003	-1.070081e+000
3.564310719994912e-003	-1.145184e+000
3.567310719994912e-003	-1.195459e+000
3.570310719994912e-003	-1.245310e+000
3.573310719994913e-003	-1.294718e+000
3.576310719994913e-003	-1.343665e+000
3.578310719994913e-003	-1.376033e+000
3.580310719994914e-003	-1.408184e+000
3.582310719994914e-003	-1.440112e+000
3.584310719994914e-003	-1.471812e+000
3.586310719994915e-003	-1.503281e+000
3.587310719994915e-003	-1.518926e+000
3.588310719994915e-003	-1.534512e+000
3.589310719994915e-003	-1.550037e+000
3.590310719994915e-003	-1.565500e+000
3.591310719994915e-003	-1.580902e+000
3.592310719994915e-003	-1.596242e+000
3.593310719994915e-003	-1.611518e+000
3.594310719994916e-003	-1.626731e+000
3.595310719994916e-003	-1.641879e+000
3.596310719994916e-003	-1.656963e+000
3.597310719994916e-003	-1.671982e+000
3.598310719994916e-003	-1.686934e+000
3.599310719994916e-003	-1.701820e+000
3.600310719994916e-003	-1.716638e+000
3.601310719994917e-003	-1.731389e+000
3.602310719994917e-003	-1.746072e+000
3.603310719994917e-003	-1.760685e+000
3.604310719994917e-003	-1.775229e+000
3.605310719994917e-003	-1.789703e+000
3.606310719994917e-003	-1.804109e+000
3.612310719994918e-003	-1.892986e+000
3.618310719994919e-003	-1.976546e+000
3.624310719994920e-003	-2.054789e+000
3.630310719994920e-003	-2.127716e+000
3.636310719994921e-003	-2.195325e+000
3.642310719994922e-003	-2.257618e+000
3.648310719994923e-003	-2.314593e+000
3.658025005709210e-003	-2.379341e+000
3.667739291423497e-003	-2.435124e+000
3.677453577137784e-003	-2.481942e+000
3.687167862852071e-003	-2.519793e+000
3.696882148566358e-003	-2.548680e+000
3.706596434280645e-003	-2.568601e+000
3.716310719994932e-003	-2.579556e+000
3.732167862852077e-003	-2.598262e+000
3.748025005709222e-003	-2.605207e+000
3.763882148566367e-003	-2.600391e+000
3.779739291423512e-003	-2.583815e+000
3.795596434280657e-003	-2.555477e+000
3.811453577137801e-003	-2.515380e+000
3.827310719994947e-003	-2.463521e+000
3.835025005709233e-003	-2.428672e+000
3.842739291423520e-003	-2.382276e+000
3.850453577137807e-003	-2.324332e+000
3.858167862852094e-003	-2.254841e+000
3.865882148566380e-003	-2.173803e+000
3.873596434280667e-003	-2.081216e+000
3.881310719994954e-003	-1.977083e+000
3.882310719994954e-003	-1.963491e+000
3.893310719994955e-003	-1.809545e+000
3.894310719994955e-003	-1.795165e+000
3.895310719994956e-003	-1.780717e+000
3.896310719994956e-003	-1.766199e+000
3.897310719994956e-003	-1.751612e+000
3.898310719994956e-003	-1.736956e+000
3.899310719994956e-003	-1.722230e+000
3.900310719994956e-003	-1.707438e+000
3.901310719994956e-003	-1.692577e+000
3.902310719994956e-003	-1.677650e+000
3.903310719994957e-003	-1.662656e+000
3.904310719994957e-003	-1.647597e+000
3.905310719994957e-003	-1.632473e+000
3.906310719994957e-003	-1.617285e+000
3.907310719994957e-003	-1.602032e+000
3.908310719994957e-003	-1.586716e+000
3.909310719994957e-003	-1.571338e+000
3.910310719994957e-003	-1.555898e+000
3.911310719994957e-003	-1.540396e+000
3.912310719994957e-003	-1.524833e+000
3.914310719994958e-003	-1.493528e+000
3.916310719994958e-003	-1.461987e+000
3.918310719994958e-003	-1.430215e+000
3.920310719994958e-003	-1.398217e+000
3.922310719994959e-003	-1.365999e+000
3.924310719994959e-003	-1.333565e+000
3.927310719994959e-003	-1.284520e+000
3.930310719994960e-003	-1.235019e+000
3.933310719994960e-003	-1.185079e+000
3.935310719994960e-003	-1.151551e+000
3.937310719994961e-003	-1.117841e+000
3.942739291423533e-003	-1.025191e+000
3.948167862852105e-003	-9.316242e-001
3.953596434280677e-003	-8.371398e-001
3.959025005709250e-003	-7.417381e-001
3.964453577137822e-003	-6.454191e-001
3.969882148566394e-003	-5.481827e-001
3.975310719994966e-003	-4.500291e-001
3.978596434280680e-003	-3.904638e-001
3.981882148566395e-003	-3.307957e-001
3.985167862852110e-003	-2.710250e-001
3.988453577137825e-003	-2.111515e-001
3.991739291423539e-003	-1.511754e-001
3.995025005709254e-003	-9.109653e-002
3.998310719994969e-003	-3.091496e-002
3.999310719994969e-003	-1.261451e-002
4.000000000000000e-003	1.078106e-008
